
43452775
299582576
23597217
264528746
400164861
126843497
44705433
1736953
230911250
213581178
167010819
11009941
9589833
247396859
101313504
453372216
189981676
204748641
49882417
161831730
174422404
64548086
27418896
35682056
230255258
613384119
173098954
127512022
226800779
327701754
90255736
13663248
136686500
14884577
203315147
552757711
288091798
182371284
214011146
121814273
148129269
161869166
182855306
176709154
337696965
135548955
288972113
1422111100
371924322
319793679
120696278
164036652
412520172
17854857
179558552
92550109
109822638
8805589
160167179
207867513
983198309
512405463
57813991
75408198
866374210
270223450
675328958
138069983
100966496
145157041
7886322
49113843
393599306
637622240
387751356
237121592
119824894
264304085
455538425
47605061
179336736
70277972
247073143
111227172
472282213
327699146
205373386
320774974
243111154
61454767
268119435
673283091
126648422
293408584
145106736
187785992
110202627
368080771
263143023
167683069
179117555
377791639
163809363
403892405
260175912
168231459
26971528
574505633
38864482
352258666
364703908
213948444
76487915
264913304
577321302
428392427
164242227
161863169
100957115
275536842
46589450
135364368
106712255
47837512
33479173
9891389
608141833
281795038
392267358
244236656
277808115
253855849
355183217
82554133
49271573
353906704
463260966
50955178
1299661042
299292929
504024013
306636318
70748476
79533866
85584908
118441332
81418637
151497275
49556277
221043263
130538888
173355149
116965022
136212284
28172450
355908949
194842221
8086887
56271926
1288890890
574817896
240780015
173691805
34943437
145168072
260125907
410764038
188898366
349687743
294435499
156867651
1037612401
61687063
443280939
43659
40183225
32547442
57464059
178702927
251746629
89431170
359729120
32529360
4333946
106615283
144781739
148881724
1141662840
142171847
8884747
222259750
180415088
706353542
1695025
206167954
390428589
80426381
151603801
926550487
497109529
22964701
488695298
59136906
33106061
148182120
32080287
83766072
184353572
271649474
108919632
140135
3752361
79623521
86551021
310693077
17777848
57253141
1329616296
263346070
84367219
238571750
125958408
208480491
85306165
189942714
259430
44939602
327996051
10579400
5149927
194991734
376909679
42131668
282224841
554455141
214306554
42831150
215039799
268679304
557847159
108982822
484020570
35846100
61807057
27980381
150306228
56290625
37185658
317196171
155305851
270499298
268775661
151075010
111621407
218085183
208852579
458504317
141073069
102597048
56388310
153310473
294569869
48781548
6424093
34785805
179354963
78681127
146048361
1084790643
50933228
295770957
774336066
44177117
173746710
148494421
114988613
78999433
18309464
133787547
8487968
27189614
79283565
178293355
556148392
506062749
430712987
96897078
176309452
219361142
17437223
341942035
3188218
541719978
197883594
218478374
21124819
172604512
402724047
511827295
101263424
68011838
177650403
609174172
299675823
270092278
604532043
157660620
323002208
215983838
73031185
295336456
142071389
110913967
221767967
427397194
154336637
138145036
203619086
123885634
150212795
155171215
399106987
171442933
148673916
205875392
29841561
129536620
76526397
19612139
243325503
213080048
37726709
197851873
151983129
85647442
120773234
59276900
103962537
183232306
93558849
5965099
55504013
56683000
332838201
195343291
293279185
125182456
355646035
242449359
564208295
87183642
5473266
176153364
531170610
253195138
39612071
564710376
536129649
216454928
94078747
360044311
185533683
212999873
312447386
313906450
150584337
51888901
176244433
98563242
29211094
249846444
25621253
50158693
118794961
91428878
99838152
44701359
216049779
6323921
214442596
120664536
165157031
12670382
171361259
130523754
135894387
154214462
234891121
344221597
248821261
24683930
1046176916
146782442
999503768
4098198
600837033
32153928
179109891
347192746
114749419
19879613
657933553
124976308
642886989
165503187
28262821
89625783
210465973
24146118
9222987
311585948
229639744
224430081
8647477
194250721
236903168
1341542091
756282287
68345079
148828725
242342009
158721918
72387299
12040401
89765348
31290314
