
65485
1073875
1190834
1421833
1288522
1223529
1533205
1215354
1713063
624274
1824954
5103715
3568107
5445267
2201739
2492722
2797057
2817781
1587868
1638741
2493895
4442694
2889776
851118
3040087
1287639
2583350
618863
3019145
3360640
2894270
3178555
1343437
3550376
1182747
4651562
1161820
5820302
4811776
894656
7026943
2136057
1359927
3136023
7948932
4200561
2303601
1826565
6733125
4648968
6265724
4045603
3845840
4614059
7490059
1989375
3475712
1441299
5432311
8806766
1797538
9101010
1965563
9060678
2704071
6511680
4007577
4084380
2462068
1933163
4772080
2441568
6539709
9401765
3607003
5064123
2562011
7510905
2043149
8124860
2058365
1527627
2364751
10493894
8421003
1679450
1104727
10541176
4694151
2667310
1858627
10913275
6363028
1686987
1193258
2386957
665421
13161541
5760038
4601525
1745282
1741165
4294226
1950406
3018905
11702590
5276337
2068155
3753461
1938409
11982765
2050558
2014716
14570715
1947333
9090290
8331435
969027
1187608
5699361
21635689
6291599
9470495
1230426
8185460
16586745
1590611
1657871
4480585
5567400
2681952
15951290
3480858
990673
2209139
17823504
2298588
968130
6050623
2158222
12368287
2916506
8504005
16424261
2409450
1216580
14017239
8825578
5890502
14274689
8277909
12581917
1067899
1752020
13414411
12507560
4000678
15071462
4226761
8506603
1710853
6096299
2151883
4673585
10684454
11866435
8353898
1802272
9152207
1412843
8831940
5650547
5560674
3352004
9120223
3639010
746223
4939248
9251562
1370364
3123249
9370044
5943836
10037068
3890781
10226782
3962532
1132284
5926605
12657866
2258822
1325938
5998307
1102705
8164897
11737823
1130564
22363410
7844795
2472386
1453050
8221473
27926054
27170773
4967349
3614234
2768459
6472181
10125881
9696840
1413901
1400834
2384054
26890179
2946033
16777771
2139623
1717244
15891261
7822126
1280206
3072008
16564455
2979922
2334322
34603797
2445870
2823407
5271168
24997053
15654871
20674016
12139953
19161015
1230740
1142731
685209
6441948
19458111
2155967
1518456
7322976
892488
2866814
3917877
5026328
37581656
11871970
10144718
1993429
4717988
22774130
31253966
3003346
802189
712340
24007160
2332848
8305379
7168408
4907546
9760630
5795550
27863652
13208609
4357414
7322276
9112835
1345509
2308694
1351968
28661133
20525431
1816149
2264359
6980455
19426560
1009629
21614415
13715444
20006839
3833965
20919229
11467167
12048761
3284445
1636961
1051540
8824396
7979074
9382269
3047185
1107958
26947591
7964789
1460640
14283921
5302378
1979050
39928738
2167849
29590845
12500291
5402537
5615766
2640723
5314483
4059162
30907685
30300892
31399882
4502725
37396276
8011060
35585459
2098261
7537297
2063401
10113889
1635975
17448914
11809466
30744289
1911482
1144317
2955910
38443218
11845973
8248359
2804604
2083637
14048641
33600873
2766491
20380186
8818880
7286734
44960519
49909289
3409583
3578684
15248904
8763404
1662774
3786745
15074257
2610463
33088347
34314787
11773050
1452024
6116397
10220261
1563792
26772263
7273537
35108702
15848172
12477878
4764182
11393583
28107057
1104514
29156511
23695334
8326219
3203253
1139411
18203298
10909899
1174611
8766190
35516833
8923451
3950800
958850
809556
3531438
5177193
5071891
14923700
3438124
32420466
17929737
17762272
42407686
38152771
36874809
4522333
1483267
34366274
3005242
37759545
1916084
36462072
1366224
15753934
1621372
2463097
725916
1007801
24332375
800179
26530894
2054034
27053428
4845871
8407878
933087
23064760
699775
26312707
14308887
32000624
7620763
3535755
1105925
1417351
1166207
1809033
1951294
7334099
7395543
13394799
21968319
1825991
202043
1161916
1280912
1439019
1625707
1779041
1442219
718039
1682150
673836
1783104
4328464
2918531
5174455
1686598
3132938
1534390
2474737
1598993
1531687
4228942
2361943
4377229
1329512
3624328
3564740
1920452
664685
2149598
2613656
2916008
4694880
2136131
3545085
1184857
3191732
1015957
4381743
4545868
962534
4904430
1540830
972334
5287717
7457162
3130641
3727222
1258252
7110826
4234266
3356753
6484580
3556855
2825949
5237282
2195846
3356630
1417804
6209736
6585264
1562790
8173341
1732723
9295728
5177243
4768433
3104366
3399586
2261060
1899991
7916427
3147508
6393034
9473165
3517848
5329277
2357841
4687900
3244368
8409205
2024197
1737509
1864281
8970576
7883700
1733192
1028470
3096343
8705099
2262466
1568114
10538654
6230090
3531068
1139850
2083984
1067212
12939209
6076558
3590627
1370646
1532069
4042614
1809554
2192032
10932675
4963290
1912554
4277408
3024040
5848919
2010807
2063356
14373681
2063239
8667547
8540172
945673
1924138
4874307
20434511
6359290
9369939
1261992
8269399
16212287
1599204
1731946
4587823
3093707
2589934
15653579
3386834
963216
1234807
16333009
2295762
981537
5836929
2278682
11842918
2142001
6986931
14292412
3827740
1079690
14490642
8685053
4570265
12807881
8952339
12166487
1066036
1348294
13680877
11148752
4038351
16232518
4813190
8666561
1767685
6043843
5215125
6356064
13610021
15813277
7208705
2334081
5406964
1272383
8716157
9212186
8531771
9007961
11986837
3611339
813658
5203330
9827554
1460758
3918615
11662819
9489344
9252611
6037766
9275462
6112208
1036047
4472209
9162072
3763899
1480304
5766081
1606345
4133147
13699596
1329942
22740601
7805383
2365074
1492094
7915932
21090943
22970839
5083172
5121700
2595412
5834842
10082031
5669868
1408094
1472573
2380320
24996991
2053724
18513201
2730862
1641505
14684117
7636998
1128784
2722601
16620656
2957705
3573649
29857208
2475425
3634353
3278238
23919477
9917977
17822202
10795505
19448172
1070215
1112103
1081535
6365781
19274775
2069761
1433834
7475687
1395759
1680020
3292573
4922824
30475112
12133173
10144661
2023515
4732473
19322476
30981380
2999363
827970
1145020
17075322
2521184
8350661
6875416
3714589
9537973
5675328
27746894
13041933
6818136
7176758
8535404
1323398
2849857
1199305
38113899
23041392
1686490
2161085
6678810
19751081
869721
28325310
8805571
18316840
4687620
20348873
9901525
15054855
3013264
1419047
1068859
9617863
8065757
9502308
5141476
687940
31046804
8219277
1480393
12815273
4248384
1937493
33595516
3442785
32350412
7690754
3467657
5517298
3332014
7103272
3349454
30135198
40040444
33079164
34539687
3281634
12837310
30049513
2503708
6402014
1908695
9793328
1645013
16598641
13319069
31418106
2383488
1456327
2866535
36631673
14240280
9082400
3808591
2676053
6022185
31500885
1933444
12435361
7329918
5084629
33269075
40890012
3265823
2871824
15728498
8815587
1712094
3759110
15892029
4196696
32291071
18252535
15690420
1445712
5916503
10044343
870387
20813016
16159941
33783667
14131654
12256251
4869853
12100988
26718309
903788
35828365
21106969
5997756
2465225
1146772
18271162
10022943
1153453
8589742
36966161
8751699
3721520
1025559
962497
3663176
3854773
4679192
10071553
3693960
33315311
16993399
17178698
34364873
34982002
39013273
4768469
2673293
31366334
2420399
36015621
1871312
43523449
1388045
16141609
1517870
3153837
1163665
1056778
32901175
496438
33007955
2062440
25279783
5022703
7396669
982174
26360677
1005112
24741080
10885691
32560669
11286494
2844939
970836
1457952
1094539
1769508
1922368
7162023
7366349
13612797
25954176
1187444
210920
915408
1176059
984741
1311467
1514846
1531004
671183
1699723
691111
2251228
7011083
2602679
4594845
1724018
2001784
1675352
2985554
1134811
1283994
5107213
2906516
2708207
827954
2958682
1980649
2450183
689149
2829674
3105660
5005683
3853465
1420647
3727597
1146754
4356470
909023
3139493
3705924
1021767
8434171
2063328
1335377
3775802
9164814
4069614
3200574
1367170
6265898
5865497
3249734
4273285
3693039
4566253
5284947
3987498
3516082
1512088
6502309
8643167
8572992
1381047
2324233
9346830
2796400
4278997
3930556
3767487
2400729
1877954
4711524
3182295
5536316
9268577
3481870
5205697
4542362
4258689
3220362
8195561
1495696
1619811
2481826
9065758
8136399
1820351
1120489
3677539
9629078
3826941
1686822
9435543
6503065
1902992
1226870
3991351
1031316
12061644
6155101
3527699
4320458
1668394
3997966
1743305
2721388
10719985
6110404
1970011
4339475
3204098
9336110
1505308
2025761
14968019
2022942
8395458
8566918
878853
1979342
5360554
14752730
6561653
8641604
1297268
4860688
16952466
1612083
1696280
7180988
3001891
2565319
13080267
3461289
1028740
1995904
17370023
1413223
981534
6209501
2345823
9011377
2328390
7521468
19533096
3110040
1540904
13513132
8860781
5943292
13908967
8781247
13403743
1108641
1865825
12444969
12388348
3973337
16431468
4307822
8395655
1750082
5892119
3505881
7341314
14657603
12837126
8719327
2310584
8668144
1259391
8296640
8935693
8113626
4801439
8567016
6063530
643930
6370262
9175671
1412121
3747998
9341612
9135114
8876393
7124483
9037063
6025697
1042832
4469376
7970869
4832039
1349196
6123670
1648085
5374934
10419393
1038175
29962394
7505752
2186240
1379497
8677239
22560711
30292482
4862704
4071381
2883003
6502581
10063611
12551063
1382616
1437091
2352546
26343231
2644116
18163223
3491335
2637912
12441073
10349061
1064599
2345387
14366625
3009976
3647056
34638959
1864127
3187349
5403914
25949627
9875433
20250372
9480578
24470037
1014565
1068628
1022709
5999091
21867284
2451470
1769159
8216743
1841361
2842779
3849847
5108822
28182753
11906436
9442002
1999397
4804247
19476565
33989078
3321259
1558112
1087647
15178682
2225626
6352457
5332287
4818826
17683586
3495819
27283756
13551816
6959746
8260164
9605813
1588425
3581508
1107526
32819650
25659820
1482806
5172673
7074456
19803182
996031
20605846
12264737
16487318
2566289
19650991
15293020
7124107
2513487
1474625
2306039
9351604
7884779
9566277
4676953
1095442
26170513
8483571
1539242
13997318
4596877
1943571
34625292
3440604
30920898
12138564
5316609
4940590
2732918
6216719
2670630
39235846
28095312
27526304
30722764
5071439
10830136
28492668
2197635
6778240
1261039
8586215
1728764
17169825
10458547
31596769
2183634
1469840
2794969
32523192
13665428
6651717
4335053
2519425
35874163
8842498
2356828
16108880
7213934
8713829
31726195
40926933
2281122
3595895
13520305
6450703
1688700
3722993
17210954
5858090
30875597
22858377
11856268
1364062
6047561
10215449
1494842
16324337
9263820
34157673
16376747
12955467
3718546
15938211
26289514
1535536
32905103
19563689
8107810
1973405
826551
15597243
16115247
1147113
8867938
33601851
8951746
3685503
1008254
568148
3012234
5994406
4131819
9751820
3620542
33571711
17366084
18677040
34634869
40930158
34930918
2757731
926002
3219627
43373649
34572722
1114294
33407067
1541515
2933933
16980742
1487054
1142894
1183046
24372409
825341
28822611
2094206
30892950
4774678
7903859
607669
26465099
1132683
34028962
18404939
26755193
7589122
3881074
650270
995300
715665
1781513
1934552
6462855
7285392
12837728
26692886
1761611
240414
1159242
1095552
1296894
1415672
1504864
1491288
705447
1785941
759300
4600048
2766192
4884925
4514780
2445439
2060787
2212703
2121324
2407527
1342272
3647749
2880851
2715919
812933
2970102
2656030
2524529
902266
3054859
3179803
2885857
3760012
1149708
3349927
1112159
6128097
1170216
3498150
4223787
981278
6055207
2060371
1155934
3493188
9772722
4787294
3678014
3841582
4304670
6240552
3415390
3978380
3465863
4188508
4909278
1846730
3562039
1434939
6303707
8595752
11043951
1699535
2170316
9519492
3539836
4659835
4046913
3014220
2411951
1862493
4416228
3192833
8263699
9100509
4396214
6377716
2220777
6039105
3082982
8604538
2078504
1724862
2505938
10409759
7695793
1731715
1118755
4192028
13350319
2973320
1533513
10834951
6321904
2132246
1210158
3221580
1290617
12528730
6181723
3571896
1766381
1768475
3144090
1852655
3632412
11692925
4535801
1935776
4093649
2698749
8586009
1971722
4516067
15324560
2329179
9359687
8558010
959332
1902080
5591703
15322077
5159466
9798660
1286274
8143779
14818154
1526025
1552598
4570779
6195267
2589298
15940829
3481204
899512
2013788
19175570
1623530
889069
3795623
2407064
9893619
2977776
8498767
16695608
3283749
1604730
17557102
8961094
3774504
15848131
7491325
12095239
1074023
2165459
12382933
12794276
3934125
14192284
2535701
8327836
1483546
6135897
3520707
7714517
17415834
12164847
7999684
2334527
7431156
1213151
8328147
8922145
8581102
4102086
8811307
3418040
717818
3879120
16953721
2226629
6196903
12962151
9618719
9482312
3651225
9204050
6081275
1072060
4910465
8442998
2322148
1207217
6142267
1741712
5488568
12455832
1079156
24440494
6476473
2301478
1139656
7779743
27784099
24580682
5080393
5577948
2212353
6592669
6544545
8676224
1500351
1157180
2344561
26629958
2653314
17891313
2796548
2244692
13352405
7820839
1145532
2693983
16074348
2781069
3880355
29650055
2462949
2660702
4975769
25351803
9915593
21530322
11138905
19585910
854031
1146610
1137992
6494599
22447027
1740745
1299430
7760054
1511988
2757995
3508833
4464356
27556140
11819920
10240860
1553320
4626995
17705077
26236956
3148762
1322780
1101593
16611989
1587708
7114288
7215397
4870509
13476248
5432632
27494682
17605687
4351026
4531666
8165957
1996482
2985096
1291994
31333070
21464442
1725555
1804140
6926704
25832346
973114
21249148
12794197
16286494
3139277
29762806
11182248
10693869
3092765
1260558
2138446
7920042
8078749
14186898
4733020
1100180
28585826
7859608
1437092
14478601
5541821
1708903
42804951
3482887
28791443
9876440
5846111
5967670
2763239
3861171
2661290
35425333
30696032
33725893
31211558
3860537
11666703
29410433
1694781
7129915
1956213
9781398
1401833
21554054
13239783
32565822
2388847
1459695
2883631
35705802
9657664
14841040
4402476
2700313
27350128
8503786
1393866
14667083
6265113
6145187
36112249
42194118
3452768
3449953
14134706
8955719
1649346
2967719
16186312
4276114
28453158
24929977
9412226
1314377
3858150
10213721
1511939
25880589
31719797
12208006
15963897
13331911
4789818
11693095
30801656
1497611
34173799
20522820
4983832
2502499
732848
10722330
17944926
1158753
9024662
32795216
8857030
3117487
908563
970675
3795067
3064402
3943142
10004974
3128431
12245109
32490947
20167166
35220935
35449315
44285297
4778668
1543060
2504613
36159787
33722425
1138542
37389587
1478689
1321869
1936336
16526406
1168505
1163562
24268816
826953
27725351
2061798
24432056
4931246
7961555
965191
24955433
1088867
27114955
16216173
33871850
7807236
3807900
1096680
1400118
1090960
1599983
1955408
7333583
6510833
14070444
26159003
1754126
234138
1146221
1296767
1355019
1592804
1859968
1797206
735240
1827962
762257
4360439
2833146
4632197
3255567
2492444
2233040
1801473
2936035
1490934
1149687
3744052
2574090
2678215
515570
3419681
2012076
2573639
699804
2797897
3091911
2988667
3954196
1168200
3391705
1167361
4400373
1171310
3351375
3627008
3027524
6176553
2128226
1373039
3735427
7749219
4142738
3649749
1829220
7421375
4564896
3626933
4226210
3978703
4461132
6753901
2208974
4384696
1275218
6353663
8928023
9639333
1832146
2286163
9536424
5287651
4680334
3763997
3594517
1449042
1704405
4795157
3177400
8357793
9004026
3261961
5517442
2517355
4305667
3251799
8323188
1991793
1636450
2425447
12302450
7969995
1258285
1065603
4391581
10500480
2602529
1531604
10249916
5284028
1661208
1227103
2290547
1160674
14375412
6098101
3503657
3649974
2104388
4843518
1742242
2901710
13210452
5101992
1921130
4461116
3229980
9425378
2016393
2040585
16025698
3594599
9270888
7318062
899315
1906512
5498027
16307090
6339536
7063064
1047894
8193642
17780953
1242623
1819462
5069110
3094392
2590044
16321162
3297868
733447
1981168
16012591
2288648
979819
4511760
2267144
7297597
1916430
5988344
16653344
4597999
1255673
12848999
8315627
5886903
13370565
8327880
8621219
1042881
1722793
12639535
15256414
3697267
14820260
4044006
8104078
1754279
6250012
3585086
7546314
15875427
10587265
7860667
2318671
8777918
1116399
9322343
10938433
8653812
4627206
7942476
3571980
729071
4922098
12652439
1096998
3681417
9310498
9586312
9536349
3703892
9874779
5874544
1015201
4771355
7890049
2196416
1454293
5311749
1829027
5157840
14181384
979168
22173730
10799750
2262816
1330365
7462912
21764366
23154593
5148125
3577887
2626501
6251264
10221684
9650782
1419858
1454886
1811090
33437549
2671436
18004606
2788281
2052639
12759439
7391597
1130193
2989270
15894312
2792418
3601378
31975291
2423512
3605238
5328431
21854563
8099329
24944290
10599136
18368412
1043558
860472
1104287
6357196
25155910
2061736
1315898
5946762
1368208
2616745
3784907
4828086
28112368
16491366
10937369
2423316
4896787
18102805
28455435
2598481
1311516
1162812
16473268
1511911
8321052
6633929
4697857
8795067
9770748
26330265
13274805
7020583
7247668
7522494
1656916
3760648
1365298
36443943
20956617
1733160
2309925
6740222
19356667
1009159
28724188
12754127
16965611
4290421
16637565
12413413
7415102
3226970
1370889
1096974
8696410
6764297
12489392
5073281
1074127
28936716
8384248
1125596
14290902
5536132
1971956
40033029
3454635
29195967
12331770
4292311
5232596
2417407
6092600
2313950
49799874
29108069
30804101
31058592
5115824
16246072
30363180
2274863
4258685
1342378
8462437
1717547
16445736
12752494
30848468
1447690
1186071
2833128
38362579
5834475
13304875
4474751
3920681
30213698
2492275
10693928
16104250
6799759
5608426
31448199
48886930
3417602
3600089
15499331
5566522
1393398
3809205
16221391
4302284
31239543
24166134
10852306
1095009
5829780
6267297
898230
17120982
33020408
10755771
20554199
9109014
2941198
7178688
27042269
1401140
34534866
22035742
8379848
2988046
1124368
13419294
18056606
929961
8701311
32151356
8196666
3711150
629900
948210
3735474
5075719
5395969
6417828
3103052
33865308
17158139
22904948
36110055
35357715
48939394
5848527
1284392
42588813
3046219
37351790
1938030
814706
35070086
1097528
2652599
17925217
1104792
1210652
26854660
644370
26539658
2009496
30671330
5014827
7400981
919011
27182615
1089017
26380537
15284169
22082229
7656564
3856645
1204306
1471750
1227102
1480272
1703288
7245339
7627225
12277600
27514839
1765768
